40
80
120
160
200
240
280
320
360
400
440
480
520
560
600
660
720
780
840
900
980
1060
1140
1220
1300
1440
1580
1720
1860
2000
2200
2400
2600
2800
3000
3400
3800
4200
4600
5000
6000
7000
8000
9000
10000
11000
12000
13000
14000
15000
15400
15800
16200
16600
17000
17200
17400
17600
17800
18000
18140
18280
18420
18560
18700
18780
18860
18940
19020
19100
19160
19220
19280
19340
19400
19440
19480
19520
19560
19600
19640
19680
19720
19760
19800
19820
19840
19860
19880
19900
19920
19940
19960
19980
20000